{
  "config": {
    "target_image_idx": 0,
    "test_temporal_indices": [
      0,
      1,
      2,
      3,
      4,
      5,
      6,
      7,
      8,
      9,
      10,
      11,
      12,
      13,
      14,
      15,
      16,
      17,
      18,
      19,
      20,
      21,
      22,
      23
    ],
    "use_amp": true,
    "amp_dtype": "float16"
  },
  "samples": [
    {
      "batch_idx": 0,
      "temporal_ablations": {
        "0": {
          "metrics": {
            "rotation_matrix_norm": 1.732050895690918,
            "translation_magnitude": 3.4424867630004883,
            "mean_fx": 0.482421875,
            "mean_fy": 0.482421875,
            "mean_cx": 0.5,
            "mean_cy": 0.5,
            "mean_psnr": 23.774730682373047,
            "std_psnr": NaN,
            "min_psnr": 23.774730682373047,
            "max_psnr": 23.774730682373047
          },
          "c2w_sample": [
            [
              0.8576337099075317,
              0.07897517830133438,
              0.508163332939148,
              0.2459716796875
            ],
            [
              -0.01749780960381031,
              0.9920507669448853,
              -0.12461323291063309,
              -5.40625
            ],
            [
              -0.5139632225036621,
              0.09797060489654541,
              0.85219806432724,
              0.128662109375
            ],
            [
              0.0,
              0.0,
              0.0,
              1.0
            ]
          ],
          "fxfycxcy_sample": [
            0.482421875,
            0.482421875,
            0.5,
            0.5
          ],
          "ablated_image": "./ablation_results_temporal/ablated_images/batch_000_temporal_idx_000.png"
        },
        "1": {
          "metrics": {
            "rotation_matrix_norm": 1.7320507764816284,
            "translation_magnitude": 3.4616751670837402,
            "mean_fx": 0.4833984375,
            "mean_fy": 0.4833984375,
            "mean_cx": 0.5,
            "mean_cy": 0.5,
            "mean_psnr": 23.33888816833496,
            "std_psnr": NaN,
            "min_psnr": 23.33888816833496,
            "max_psnr": 23.33888816833496
          },
          "c2w_sample": [
            [
              0.7908163666725159,
              0.21700778603553772,
              0.572284460067749,
              0.30126953125
            ],
            [
              -0.07915917038917542,
              0.9634390473365784,
              -0.25597307085990906,
              -4.9921875
            ],
            [
              -0.6069127917289734,
              0.15713921189308167,
              0.7790815234184265,
              0.051361083984375
            ],
            [
              0.0,
              0.0,
              0.0,
              1.0
            ]
          ],
          "fxfycxcy_sample": [
            0.4833984375,
            0.4833984375,
            0.5,
            0.5
          ],
          "ablated_image": "./ablation_results_temporal/ablated_images/batch_000_temporal_idx_001.png"
        },
        "2": {
          "metrics": {
            "rotation_matrix_norm": 1.732050895690918,
            "translation_magnitude": 3.2926671504974365,
            "mean_fx": 0.4814453125,
            "mean_fy": 0.4814453125,
            "mean_cx": 0.5,
            "mean_cy": 0.5,
            "mean_psnr": 25.357666015625,
            "std_psnr": NaN,
            "min_psnr": 25.357666015625,
            "max_psnr": 25.357666015625
          },
          "c2w_sample": [
            [
              0.6802640557289124,
              0.24577033519744873,
              0.6905124187469482,
              0.587890625
            ],
            [
              -0.06419991701841354,
              0.9584473967552185,
              -0.27797144651412964,
              -3.94921875
            ],
            [
              -0.7301501035690308,
              0.14482936263084412,
              0.6677757501602173,
              0.0086212158203125
            ],
            [
              0.0,
              0.0,
              0.0,
              1.0
            ]
          ],
          "fxfycxcy_sample": [
            0.4814453125,
            0.4814453125,
            0.5,
            0.5
          ],
          "ablated_image": "./ablation_results_temporal/ablated_images/batch_000_temporal_idx_002.png"
        },
        "3": {
          "metrics": {
            "rotation_matrix_norm": 1.7320507764816284,
            "translation_magnitude": 3.46397066116333,
            "mean_fx": 0.4833984375,
            "mean_fy": 0.4833984375,
            "mean_cx": 0.5,
            "mean_cy": 0.5,
            "mean_psnr": 20.645858764648438,
            "std_psnr": NaN,
            "min_psnr": 20.645858764648438,
            "max_psnr": 20.645858764648438
          },
          "c2w_sample": [
            [
              0.8365980982780457,
              0.20172052085399628,
              0.5093334913253784,
              -0.04351806640625
            ],
            [
              -0.07902166992425919,
              0.9644574522972107,
              -0.25213807821273804,
              -5.29296875
            ],
            [
              -0.5420878529548645,
              0.17067675292491913,
              0.8228035569190979,
              0.067138671875
            ],
            [
              0.0,
              0.0,
              0.0,
              1.0
            ]
          ],
          "fxfycxcy_sample": [
            0.4833984375,
            0.4833984375,
            0.5,
            0.5
          ],
          "ablated_image": "./ablation_results_temporal/ablated_images/batch_000_temporal_idx_003.png"
        },
        "4": {
          "metrics": {
            "rotation_matrix_norm": 1.7320507764816284,
            "translation_magnitude": 3.46601939201355,
            "mean_fx": 0.484375,
            "mean_fy": 0.484375,
            "mean_cx": 0.5,
            "mean_cy": 0.5,
            "mean_psnr": 20.8968563079834,
            "std_psnr": NaN,
            "min_psnr": 20.8968563079834,
            "max_psnr": 20.8968563079834
          },
          "c2w_sample": [
            [
              0.76700359582901,
              0.21138963103294373,
              0.6058087348937988,
              0.097900390625
            ],
            [
              -0.07921138405799866,
              0.9681345820426941,
              -0.23758865892887115,
              -5.14453125
            ],
            [
              -0.6367347240447998,
              0.1342751830816269,
              0.7593071460723877,
              0.08087158203125
            ],
            [
              0.0,
              0.0,
              0.0,
              1.0
            ]
          ],
          "fxfycxcy_sample": [
            0.484375,
            0.484375,
            0.5,
            0.5
          ],
          "ablated_image": "./ablation_results_temporal/ablated_images/batch_000_temporal_idx_004.png"
        },
        "5": {
          "metrics": {
            "rotation_matrix_norm": 1.732050895690918,
            "translation_magnitude": 3.565477132797241,
            "mean_fx": 0.484375,
            "mean_fy": 0.484375,
            "mean_cx": 0.5,
            "mean_cy": 0.5,
            "mean_psnr": 21.744400024414062,
            "std_psnr": NaN,
            "min_psnr": 21.744400024414062,
            "max_psnr": 21.744400024414062
          },
          "c2w_sample": [
            [
              0.7474854588508606,
              0.21261999011039734,
              0.6293084621429443,
              0.2724609375
            ],
            [
              -0.07710283249616623,
              0.9687397480010986,
              -0.2358221858739853,
              -5.265625
            ],
            [
              -0.6597883701324463,
              0.12781250476837158,
              0.740512490272522,
              -0.034393310546875
            ],
            [
              0.0,
              0.0,
              0.0,
              1.0
            ]
          ],
          "fxfycxcy_sample": [
            0.484375,
            0.484375,
            0.5,
            0.5
          ],
          "ablated_image": "./ablation_results_temporal/ablated_images/batch_000_temporal_idx_005.png"
        },
        "6": {
          "metrics": {
            "rotation_matrix_norm": 1.732050895690918,
            "translation_magnitude": 3.533815383911133,
            "mean_fx": 0.4833984375,
            "mean_fy": 0.4833984375,
            "mean_cx": 0.5,
            "mean_cy": 0.5,
            "mean_psnr": 23.406757354736328,
            "std_psnr": NaN,
            "min_psnr": 23.406757354736328,
            "max_psnr": 23.406757354736328
          },
          "c2w_sample": [
            [
              0.753436803817749,
              0.2106233686208725,
              0.6228612661361694,
              0.2374267578125
            ],
            [
              -0.06561572104692459,
              0.9666513204574585,
              -0.24755920469760895,
              -5.19921875
            ],
            [
              -0.654238224029541,
              0.14568088948726654,
              0.7421308755874634,
              -0.08197021484375
            ],
            [
              0.0,
              0.0,
              0.0,
              1.0
            ]
          ],
          "fxfycxcy_sample": [
            0.4833984375,
            0.4833984375,
            0.5,
            0.5
          ],
          "ablated_image": "./ablation_results_temporal/ablated_images/batch_000_temporal_idx_006.png"
        },
        "7": {
          "metrics": {
            "rotation_matrix_norm": 1.7320507764816284,
            "translation_magnitude": 3.6202330589294434,
            "mean_fx": 0.48388671875,
            "mean_fy": 0.48388671875,
            "mean_cx": 0.5,
            "mean_cy": 0.5,
            "mean_psnr": 23.284164428710938,
            "std_psnr": NaN,
            "min_psnr": 23.284164428710938,
            "max_psnr": 23.284164428710938
          },
          "c2w_sample": [
            [
              0.7686043381690979,
              0.19861680269241333,
              0.6081037521362305,
              0.29248046875
            ],
            [
              -0.05956535413861275,
              0.9686650037765503,
              -0.2411290556192398,
              -5.296875
            ],
            [
              -0.6369453072547913,
              0.1491287648677826,
              0.7563508152961731,
              -0.1693115234375
            ],
            [
              0.0,
              0.0,
              0.0,
              1.0
            ]
          ],
          "fxfycxcy_sample": [
            0.48388671875,
            0.48388671875,
            0.5,
            0.5
          ],
          "ablated_image": "./ablation_results_temporal/ablated_images/batch_000_temporal_idx_007.png"
        },
        "8": {
          "metrics": {
            "rotation_matrix_norm": 1.732050895690918,
            "translation_magnitude": 3.5582218170166016,
            "mean_fx": 0.484375,
            "mean_fy": 0.484375,
            "mean_cx": 0.5,
            "mean_cy": 0.5,
            "mean_psnr": 22.182331085205078,
            "std_psnr": NaN,
            "min_psnr": 22.182331085205078,
            "max_psnr": 22.182331085205078
          },
          "c2w_sample": [
            [
              0.7703355550765991,
              0.20585981011390686,
              0.603483259677887,
              0.317138671875
            ],
            [
              -0.06424431502819061,
              0.9666823744773865,
              -0.2477956861257553,
              -5.13671875
            ],
            [
              -0.6343939900398254,
              0.1521407961845398,
              0.7578951120376587,
              -0.1766357421875
            ],
            [
              0.0,
              0.0,
              0.0,
              1.0
            ]
          ],
          "fxfycxcy_sample": [
            0.484375,
            0.484375,
            0.5,
            0.5
          ],
          "ablated_image": "./ablation_results_temporal/ablated_images/batch_000_temporal_idx_008.png"
        },
        "9": {
          "metrics": {
            "rotation_matrix_norm": 1.732050895690918,
            "translation_magnitude": 3.59149169921875,
            "mean_fx": 0.4853515625,
            "mean_fy": 0.4853515625,
            "mean_cx": 0.5,
            "mean_cy": 0.5,
            "mean_psnr": 22.71144676208496,
            "std_psnr": NaN,
            "min_psnr": 22.71144676208496,
            "max_psnr": 22.71144676208496
          },
          "c2w_sample": [
            [
              0.7819097638130188,
              0.2052905261516571,
              0.5886294841766357,
              0.29638671875
            ],
            [
              -0.0660092681646347,
              0.9661877155303955,
              -0.24923788011074066,
              -5.19140625
            ],
            [
              -0.6198869943618774,
              0.15600387752056122,
              0.7690227031707764,
              -0.1646728515625
            ],
            [
              0.0,
              0.0,
              0.0,
              1.0
            ]
          ],
          "fxfycxcy_sample": [
            0.4853515625,
            0.4853515625,
            0.5,
            0.5
          ],
          "ablated_image": "./ablation_results_temporal/ablated_images/batch_000_temporal_idx_009.png"
        },
        "10": {
          "metrics": {
            "rotation_matrix_norm": 1.7320507764816284,
            "translation_magnitude": 3.6598212718963623,
            "mean_fx": 0.4853515625,
            "mean_fy": 0.4853515625,
            "mean_cx": 0.5,
            "mean_cy": 0.5,
            "mean_psnr": 23.80953025817871,
            "std_psnr": NaN,
            "min_psnr": 23.80953025817871,
            "max_psnr": 23.80953025817871
          },
          "c2w_sample": [
            [
              0.776289701461792,
              0.2132386863231659,
              0.5932133197784424,
              0.331787109375
            ],
            [
              -0.0662221759557724,
              0.9634263515472412,
              -0.25966277718544006,
              -5.13671875
            ],
            [
              -0.6268882751464844,
              0.16229243576526642,
              0.7620190978050232,
              -0.16552734375
            ],
            [
              0.0,
              0.0,
              0.0,
              1.0
            ]
          ],
          "fxfycxcy_sample": [
            0.4853515625,
            0.4853515625,
            0.5,
            0.5
          ],
          "ablated_image": "./ablation_results_temporal/ablated_images/batch_000_temporal_idx_010.png"
        },
        "11": {
          "metrics": {
            "rotation_matrix_norm": 1.732050895690918,
            "translation_magnitude": 3.4940011501312256,
            "mean_fx": 0.48828125,
            "mean_fy": 0.48828125,
            "mean_cx": 0.5,
            "mean_cy": 0.5,
            "mean_psnr": 21.35076332092285,
            "std_psnr": NaN,
            "min_psnr": 21.35076332092285,
            "max_psnr": 21.35076332092285
          },
          "c2w_sample": [
            [
              0.7764133214950562,
              0.2031840682029724,
              0.5965957045555115,
              0.232421875
            ],
            [
              -0.0603032223880291,
              0.9662352204322815,
              -0.25048524141311646,
              -5.23828125
            ],
            [
              -0.6273323893547058,
              0.1584482043981552,
              0.7624505758285522,
              -0.1558837890625
            ],
            [
              0.0,
              0.0,
              0.0,
              1.0
            ]
          ],
          "fxfycxcy_sample": [
            0.48828125,
            0.48828125,
            0.5,
            0.5
          ],
          "ablated_image": "./ablation_results_temporal/ablated_images/batch_000_temporal_idx_011.png"
        },
        "12": {
          "metrics": {
            "rotation_matrix_norm": 1.732050895690918,
            "translation_magnitude": 3.782884359359741,
            "mean_fx": 0.48779296875,
            "mean_fy": 0.48779296875,
            "mean_cx": 0.5,
            "mean_cy": 0.5,
            "mean_psnr": 22.155502319335938,
            "std_psnr": NaN,
            "min_psnr": 22.155502319335938,
            "max_psnr": 22.155502319335938
          },
          "c2w_sample": [
            [
              0.7690711617469788,
              0.2057272344827652,
              0.6051385402679443,
              0.35693359375
            ],
            [
              -0.06433805823326111,
              0.9668821692466736,
              -0.24699147045612335,
              -5.01171875
            ],
            [
              -0.6359167695045471,
              0.1510472297668457,
              0.7568373084068298,
              -0.227783203125
            ],
            [
              0.0,
              0.0,
              0.0,
              1.0
            ]
          ],
          "fxfycxcy_sample": [
            0.48779296875,
            0.48779296875,
            0.5,
            0.5
          ],
          "ablated_image": "./ablation_results_temporal/ablated_images/batch_000_temporal_idx_012.png"
        },
        "13": {
          "metrics": {
            "rotation_matrix_norm": 1.732050895690918,
            "translation_magnitude": 3.74573016166687,
            "mean_fx": 0.4892578125,
            "mean_fy": 0.4892578125,
            "mean_cx": 0.5,
            "mean_cy": 0.5,
            "mean_psnr": 22.57575035095215,
            "std_psnr": NaN,
            "min_psnr": 22.57575035095215,
            "max_psnr": 22.57575035095215
          },
          "c2w_sample": [
            [
              0.7659773230552673,
              0.20579323172569275,
              0.6090510487556458,
              0.41650390625
            ],
            [
              -0.06467590481042862,
              0.967251718044281,
              -0.24542838335037231,
              -4.8671875
            ],
            [
              -0.6396059989929199,
              0.148570716381073,
              0.7542027235031128,
              -0.1610107421875
            ],
            [
              0.0,
              0.0,
              0.0,
              1.0
            ]
          ],
          "fxfycxcy_sample": [
            0.4892578125,
            0.4892578125,
            0.5,
            0.5
          ],
          "ablated_image": "./ablation_results_temporal/ablated_images/batch_000_temporal_idx_013.png"
        },
        "14": {
          "metrics": {
            "rotation_matrix_norm": 1.732050895690918,
            "translation_magnitude": 3.737924337387085,
            "mean_fx": 0.48828125,
            "mean_fy": 0.48828125,
            "mean_cx": 0.5,
            "mean_cy": 0.5,
            "mean_psnr": 22.093103408813477,
            "std_psnr": NaN,
            "min_psnr": 22.093103408813477,
            "max_psnr": 22.093103408813477
          },
          "c2w_sample": [
            [
              0.7668587565422058,
              0.2041504830121994,
              0.6084948778152466,
              0.44482421875
            ],
            [
              -0.06365642696619034,
              0.9675935506820679,
              -0.24434511363506317,
              -4.8203125
            ],
            [
              -0.6386513710021973,
              0.1486116349697113,
              0.7550030946731567,
              -0.162109375
            ],
            [
              0.0,
              0.0,
              0.0,
              1.0
            ]
          ],
          "fxfycxcy_sample": [
            0.48828125,
            0.48828125,
            0.5,
            0.5
          ],
          "ablated_image": "./ablation_results_temporal/ablated_images/batch_000_temporal_idx_014.png"
        },
        "15": {
          "metrics": {
            "rotation_matrix_norm": 1.7320507764816284,
            "translation_magnitude": 3.7084434032440186,
            "mean_fx": 0.48681640625,
            "mean_fy": 0.48681640625,
            "mean_cx": 0.5,
            "mean_cy": 0.5,
            "mean_psnr": 23.063447952270508,
            "std_psnr": NaN,
            "min_psnr": 23.063447952270508,
            "max_psnr": 23.063447952270508
          },
          "c2w_sample": [
            [
              0.7675185799598694,
              0.20376436412334442,
              0.6077755093574524,
              0.426513671875
            ],
            [
              -0.06214453652501106,
              0.9673163294792175,
              -0.24584326148033142,
              -4.8515625
            ],
            [
              -0.6380072832107544,
              0.1509280800819397,
              0.7550960779190063,
              -0.1641845703125
            ],
            [
              0.0,
              0.0,
              0.0,
              1.0
            ]
          ],
          "fxfycxcy_sample": [
            0.48681640625,
            0.48681640625,
            0.5,
            0.5
          ],
          "ablated_image": "./ablation_results_temporal/ablated_images/batch_000_temporal_idx_015.png"
        },
        "16": {
          "metrics": {
            "rotation_matrix_norm": 1.732050895690918,
            "translation_magnitude": 3.5727832317352295,
            "mean_fx": 0.486328125,
            "mean_fy": 0.486328125,
            "mean_cx": 0.5,
            "mean_cy": 0.5,
            "mean_psnr": 22.071979522705078,
            "std_psnr": NaN,
            "min_psnr": 22.071979522705078,
            "max_psnr": 22.071979522705078
          },
          "c2w_sample": [
            [
              0.7733039855957031,
              0.20352858304977417,
              0.6004964113235474,
              0.397705078125
            ],
            [
              -0.06560345739126205,
              0.9676936864852905,
              -0.2434285581111908,
              -4.94140625
            ],
            [
              -0.6306324005126953,
              0.14881190657615662,
              0.7616735696792603,
              -0.155029296875
            ],
            [
              0.0,
              0.0,
              0.0,
              1.0
            ]
          ],
          "fxfycxcy_sample": [
            0.486328125,
            0.486328125,
            0.5,
            0.5
          ],
          "ablated_image": "./ablation_results_temporal/ablated_images/batch_000_temporal_idx_016.png"
        },
        "17": {
          "metrics": {
            "rotation_matrix_norm": 1.732050895690918,
            "translation_magnitude": 3.437115430831909,
            "mean_fx": 0.48388671875,
            "mean_fy": 0.48388671875,
            "mean_cx": 0.5,
            "mean_cy": 0.5,
            "mean_psnr": 22.785280227661133,
            "std_psnr": NaN,
            "min_psnr": 22.785280227661133,
            "max_psnr": 22.785280227661133
          },
          "c2w_sample": [
            [
              0.7720165252685547,
              0.20244154334068298,
              0.6024990081787109,
              0.37255859375
            ],
            [
              -0.06519700586795807,
              0.9681416749954224,
              -0.24176883697509766,
              -4.98046875
            ],
            [
              -0.6322497725486755,
              0.14737406373023987,
              0.7606199383735657,
              -0.16015625
            ],
            [
              0.0,
              0.0,
              0.0,
              1.0
            ]
          ],
          "fxfycxcy_sample": [
            0.48388671875,
            0.48388671875,
            0.5,
            0.5
          ],
          "ablated_image": "./ablation_results_temporal/ablated_images/batch_000_temporal_idx_017.png"
        },
        "18": {
          "metrics": {
            "rotation_matrix_norm": 1.732050895690918,
            "translation_magnitude": 3.429302930831909,
            "mean_fx": 0.48291015625,
            "mean_fy": 0.48291015625,
            "mean_cx": 0.5,
            "mean_cy": 0.5,
            "mean_psnr": 23.617652893066406,
            "std_psnr": NaN,
            "min_psnr": 23.617652893066406,
            "max_psnr": 23.617652893066406
          },
          "c2w_sample": [
            [
              0.7679479718208313,
              0.20075471699237823,
              0.6082297563552856,
              0.36865234375
            ],
            [
              -0.06345903873443604,
              0.9687790274620056,
              -0.2396756112575531,
              -4.98046875
            ],
            [
              -0.6373608708381653,
              0.14548175036907196,
              0.7567116022109985,
              -0.163330078125
            ],
            [
              0.0,
              0.0,
              0.0,
              1.0
            ]
          ],
          "fxfycxcy_sample": [
            0.48291015625,
            0.48291015625,
            0.5,
            0.5
          ],
          "ablated_image": "./ablation_results_temporal/ablated_images/batch_000_temporal_idx_018.png"
        },
        "19": {
          "metrics": {
            "rotation_matrix_norm": 1.732050895690918,
            "translation_magnitude": 3.487537384033203,
            "mean_fx": 0.484375,
            "mean_fy": 0.484375,
            "mean_cx": 0.5,
            "mean_cy": 0.5,
            "mean_psnr": 23.244840621948242,
            "std_psnr": NaN,
            "min_psnr": 23.244840621948242,
            "max_psnr": 23.244840621948242
          },
          "c2w_sample": [
            [
              0.7702212333679199,
              0.20389790832996368,
              0.6043002009391785,
              0.401123046875
            ],
            [
              -0.06583087146282196,
              0.9678693413734436,
              -0.24268853664398193,
              -4.9453125
            ],
            [
              -0.6343702673912048,
              0.1471548229455948,
              0.7588962912559509,
              -0.1612548828125
            ],
            [
              0.0,
              0.0,
              0.0,
              1.0
            ]
          ],
          "fxfycxcy_sample": [
            0.484375,
            0.484375,
            0.5,
            0.5
          ],
          "ablated_image": "./ablation_results_temporal/ablated_images/batch_000_temporal_idx_019.png"
        },
        "20": {
          "metrics": {
            "rotation_matrix_norm": 1.732050895690918,
            "translation_magnitude": 3.4709956645965576,
            "mean_fx": 0.48388671875,
            "mean_fy": 0.48388671875,
            "mean_cx": 0.5,
            "mean_cy": 0.5,
            "mean_psnr": 22.786901473999023,
            "std_psnr": NaN,
            "min_psnr": 22.786901473999023,
            "max_psnr": 22.786901473999023
          },
          "c2w_sample": [
            [
              0.7668333053588867,
              0.2051256000995636,
              0.6082136631011963,
              0.439453125
            ],
            [
              -0.06515844911336899,
              0.9675664901733398,
              -0.24404080212116241,
              -4.91015625
            ],
            [
              -0.638530433177948,
              0.14743995666503906,
              0.7553278803825378,
              -0.1580810546875
            ],
            [
              0.0,
              0.0,
              0.0,
              1.0
            ]
          ],
          "fxfycxcy_sample": [
            0.48388671875,
            0.48388671875,
            0.5,
            0.5
          ],
          "ablated_image": "./ablation_results_temporal/ablated_images/batch_000_temporal_idx_020.png"
        },
        "21": {
          "metrics": {
            "rotation_matrix_norm": 1.732050895690918,
            "translation_magnitude": 3.4649672508239746,
            "mean_fx": 0.4833984375,
            "mean_fy": 0.4833984375,
            "mean_cx": 0.5,
            "mean_cy": 0.5,
            "mean_psnr": 23.20793914794922,
            "std_psnr": NaN,
            "min_psnr": 23.20793914794922,
            "max_psnr": 23.20793914794922
          },
          "c2w_sample": [
            [
              0.7658714056015015,
              0.20552097260951996,
              0.6092484593391418,
              0.436767578125
            ],
            [
              -0.0647941529750824,
              0.9673725962638855,
              -0.24494749307632446,
              -4.91015625
            ],
            [
              -0.6397207975387573,
              0.148159921169281,
              0.7541995644569397,
              -0.159423828125
            ],
            [
              0.0,
              0.0,
              0.0,
              1.0
            ]
          ],
          "fxfycxcy_sample": [
            0.4833984375,
            0.4833984375,
            0.5,
            0.5
          ],
          "ablated_image": "./ablation_results_temporal/ablated_images/batch_000_temporal_idx_021.png"
        },
        "22": {
          "metrics": {
            "rotation_matrix_norm": 1.732050895690918,
            "translation_magnitude": 3.445554494857788,
            "mean_fx": 0.4833984375,
            "mean_fy": 0.4833984375,
            "mean_cx": 0.5,
            "mean_cy": 0.5,
            "mean_psnr": 22.19374656677246,
            "std_psnr": NaN,
            "min_psnr": 22.19374656677246,
            "max_psnr": 22.19374656677246
          },
          "c2w_sample": [
            [
              0.7595743536949158,
              0.2088293880224228,
              0.6159867644309998,
              0.432861328125
            ],
            [
              -0.0659642145037651,
              0.9669082164764404,
              -0.24644729495048523,
              -4.91015625
            ],
            [
              -0.6470668911933899,
              0.14655670523643494,
              0.7482139468193054,
              -0.1551513671875
            ],
            [
              0.0,
              0.0,
              0.0,
              1.0
            ]
          ],
          "fxfycxcy_sample": [
            0.4833984375,
            0.4833984375,
            0.5,
            0.5
          ],
          "ablated_image": "./ablation_results_temporal/ablated_images/batch_000_temporal_idx_022.png"
        },
        "23": {
          "metrics": {
            "rotation_matrix_norm": 1.732050895690918,
            "translation_magnitude": 3.443737506866455,
            "mean_fx": 0.48291015625,
            "mean_fy": 0.48291015625,
            "mean_cx": 0.5,
            "mean_cy": 0.5,
            "mean_psnr": 23.08926773071289,
            "std_psnr": NaN,
            "min_psnr": 23.08926773071289,
            "max_psnr": 23.08926773071289
          },
          "c2w_sample": [
            [
              0.7638304233551025,
              0.2073802649974823,
              0.6112072467803955,
              0.431884765625
            ],
            [
              -0.0663275346159935,
              0.9671949744224548,
              -0.24520888924598694,
              -4.9296875
            ],
            [
              -0.6419997811317444,
              0.14672209322452545,
              0.7525279521942139,
              -0.15771484375
            ],
            [
              0.0,
              0.0,
              0.0,
              1.0
            ]
          ],
          "fxfycxcy_sample": [
            0.48291015625,
            0.48291015625,
            0.5,
            0.5
          ],
          "ablated_image": "./ablation_results_temporal/ablated_images/batch_000_temporal_idx_023.png"
        }
      }
    }
  ]
}